Name: Price
Neurons: 100
Dropout Rate: 0.2
RMSE: 0.0035357439505916176
MSE: 0.003010262784854788